[0;38;2;135;135;0;48;2;135;175;255m  [0;1;38;2;135;175;95;48;2;135;175;255m◉ watchduty[0;38;2;135;135;175;48;2;135;175;255m    │    filters [0;38;2;135;135;0;48;2;135;175;255mwildfire,location,flooding,hazard[0;38;2;135;135;175;48;2;135;175;255m    │    ⌖ [0;1;38;2;135;135;0;48;2;135;175;255m37.77,-122.42[0;38;2;135;135;175;48;2;135;175;255m  ≤500km[0;38;2;135;175;135;48;2;135;175;255m  (fi[0m
[0;38;2;135;135;175;48;2;135;215;0m━━━━━━━━━━━━━━━━━━━━━━━━━━━━━━━━━━━━━━━━━━━━━━━━━━━━━━━━━━━━━━━━━━━━━━━━━━━━━━━━━━━━━━━━━━━━━━━━━━━━[0m
[0;38;2;135;135;175;48;2;135;215;0m  THREAT  D  INCIDENT                     [0;38;2;135;135;175;49m│#104994[0;39;49m                                                  [0m
[0;38;2;135;135;175;48;2;135;215;0m             DIST     SIZE     CONTAINMENT[0;38;2;135;135;175;49m│[0;1;38;2;135;135;255;49m▄▄▄▄▄▄▄▄▄▄▄▄▄▄▄▄▄▄▄▄▄▄▄▄[0;39;49m                                 [0m
[0;38;2;135;135;175;48;2;135;215;0m──────────────────────────────────────────[0;38;2;135;135;175;49m│[0;1;38;2;135;135;255;49m  PINE RIDGE FIRE [0;1;38;2;135;175;135;49m↗[0;1;38;2;135;135;255;49m     [0;39;49m                                 [0m
[0;38;2;135;135;0;48;2;135;215;0m  [0;1;38;2;135;175;0;48;2;135;215;0m 49[0;38;2;135;135;0;48;2;135;215;0m [0;1;38;2;135;175;0;48;2;135;215;0m▰▰▱[0;38;2;135;135;0;48;2;135;215;0m [0;1;38;2;135;175;175;48;2;135;215;0m↑[0;38;2;135;135;0;48;2;135;215;0m  [0;1;38;2;135;135;255;48;2;135;215;0m▲ Granite Peak Complex[0;38;2;135;135;0;48;2;135;215;0m       [0;38;2;135;135;175;49m│[0;1;38;2;135;135;255;49m▀▀▀▀▀▀▀▀▀▀▀▀▀▀▀▀▀▀▀▀▀▀▀▀[0;39;49m                                 [0m
[0;38;2;135;135;0;48;2;135;215;0m             [0;38;2;135;135;135;48;2;135;215;0m261.1 km 18750 ac [0;38;2;135;175;95;48;2;135;215;0m█[0;38;2;135;135;175;48;2;135;215;0m·········[0;38;2;135;135;0;48;2;135;215;0m [0;38;2;135;135;175;49m│[0;4;38;2;135;175;135;49mhttps://app.watchduty.org/i/104994[0;39;49m                       [0m
[0;1;7;38;2;135;175;135;48;2;135;215;135m [0;38;2;135;135;0;48;2;135;215;135m [0;1;38;2;135;175;0;48;2;135;215;135m 47[0;38;2;135;135;0;48;2;135;215;135m [0;1;38;2;135;175;0;48;2;135;215;135m▰▰▱[0;38;2;135;135;0;48;2;135;215;135m [0;1;38;2;135;175;175;48;2;135;215;135m↑[0;38;2;135;135;0;48;2;135;215;135m  [0;1;38;2;135;135;255;48;2;135;215;135m▲ [0;1;38;2;135;135;95;48;2;135;215;135mPine Ridge Fire[0;38;2;135;135;0;48;2;135;215;135m            [0;38;2;135;135;175;49m│[0;39;49m                                                         [0m
[0;1;7;38;2;135;175;135;48;2;135;215;135m [0;38;2;135;135;0;48;2;135;215;135m            [0;38;2;135;135;95;48;2;135;215;135m183.4 km  4321 ac [0;38;2;135;175;95;48;2;135;215;135m████[0;38;2;135;135;175;48;2;135;215;135m······[0;38;2;135;135;0;48;2;135;215;135m [0;38;2;135;135;175;49m│threat:     [0;1;38;2;135;175;0;49m47 ▰▰▱[0;39;49m                                       [0m
[0;38;2;135;135;0;48;2;135;215;0m  [0;1;38;2;135;175;0;48;2;135;215;0m 32[0;38;2;135;135;0;48;2;135;215;0m [0;1;38;2;135;175;0;48;2;135;215;0m▰▰▱[0;38;2;135;135;0;48;2;135;215;0m [0;1;38;2;135;175;175;48;2;135;215;0m↖[0;38;2;135;135;0;48;2;135;215;0m  [0;1;38;2;135;135;255;48;2;135;215;0mRussian River Flood Watch[0;38;2;135;135;0;48;2;135;215;0m    [0;38;2;135;135;175;49m│            [0;38;2;135;135;215;49mproximity 0.63 × size 1.00 × uncontained 0.65[0m
[0;38;2;135;135;0;48;2;135;215;0m             [0;38;2;135;135;135;48;2;135;215;0m 94.7 km     — ac [0;38;2;135;135;175;48;2;135;215;0m··········[0;38;2;135;135;0;48;2;135;215;0m [0;38;2;135;135;175;49m│[0;39;49m                                                         [0m
[0;38;2;135;135;0;48;2;135;215;95m  [0;1;38;2;135;135;175;48;2;135;215;95m  0[0;38;2;135;135;0;48;2;135;215;95m [0;38;2;135;135;175;48;2;135;215;95m▱▱▱[0;38;2;135;135;0;48;2;135;215;95m [0;1;38;2;135;135;175;48;2;135;215;95m→[0;38;2;135;135;0;48;2;135;215;95m  [0;1;38;2;135;135;175;48;2;135;215;95mCoyote Creek Rx[0;38;2;135;135;0;48;2;135;215;95m              [0;38;2;135;135;175;49m│[0;1;38;2;135;175;135;49m  Updates (3)  [0;38;2;135;135;135;49m  Radio (3)    Map  [0;1;38;2;135;135;255;49m  Evac (2)  [0;39;49m          [0m
[0;38;2;135;135;0;48;2;135;215;95m             [0;38;2;135;135;175;48;2;135;215;95m216.7 km   230 ac [0;1;38;2;135;135;175;48;2;135;215;95mPLANNED[0;38;2;135;135;0;48;2;135;215;95m    [0;38;2;135;135;175;49m│[0;1;38;2;135;175;135;49m───────────────[0;38;2;135;135;175;49m··········································[0m
[0;38;2;135;135;0;48;2;135;215;0m                                          [0;38;2;135;135;175;49m│[0;38;2;135;175;135;49m┌─ 2025-06-15 15:03[0;39;49m [0;38;2;135;135;175;49m379d ago[0;39;49m [0;1;38;2;135;175;215;49mWD Reporter (Marin)[0;39;49m        [0;1;38;2;135;135;135;49m█[0m
[0;38;2;135;135;0;48;2;135;215;0m                                          [0;38;2;135;135;175;49m│[0;39;49m  [0;1;38;2;135;135;95;48;2;135;175;0m Type 1 engines [0;39;49m [0;1;38;2;135;135;95;48;2;135;175;0m 1 engines [0;39;49m [0;1;38;2;135;135;95;48;2;135;175;0m 2 hand crews [0;39;49m           [0;1;38;2;135;135;135;49m█[0m
[0;38;2;135;135;0;48;2;135;215;0m                                          [0;38;2;135;135;175;49m││ [0;38;2;135;135;95;49mForward progress stopped on the western flank near [0;39;49m   [0;1;38;2;135;135;135;49m█[0m
[0;38;2;135;135;0;48;2;135;215;0m                                          [0;38;2;135;135;175;49m││ [0;38;2;135;135;95;49mPine Ridge Rd. Resources: 4 Type 1 engines, 2 hand [0;39;49m   [0;1;38;2;135;135;135;49m█[0m
[0;38;2;135;135;0;48;2;135;215;0m                                          [0;38;2;135;135;175;49m││ [0;38;2;135;135;95;49mcrews, 1 air tanker, 1 helicopter.[0;39;49m                    [0;1;38;2;135;135;135;49m█[0m
[0;38;2;135;135;0;48;2;135;215;0m                                          [0;38;2;135;135;175;49m│└[0;39;49m                                                       [0;38;2;135;135;175;49m│[0m
[0;38;2;135;135;0;48;2;135;215;0m                                          [0;38;2;135;135;175;49m│[0;39;49m                                                        [0;38;2;135;135;175;49m│[0m
[0;38;2;135;135;0;48;2;135;215;0m                                          [0;38;2;135;135;175;49m│[0;38;2;135;175;135;49m┌─ 2025-06-15 14:51[0;39;49m [0;38;2;135;135;175;49m379d ago[0;39;49m [0;1;38;2;135;175;215;49mCalFire MEU[0;39;49m                [0;38;2;135;135;175;49m│[0m
[0;38;2;135;135;175;48;2;135;215;0m────────────────────────────────────[0;7;38;2;135;135;175;48;2;135;215;0m 2/4 [0;38;2;135;135;175;48;2;135;215;0m─[0;38;2;135;135;175;49m││ [0;38;2;135;135;95;49mEvacuation order issued for Zone MEN-1A and MEN-1B. [0;39;49m  [0;38;2;135;135;175;49m│[0m
[0;38;2;135;135;175;48;2;135;215;0m  ▰ threat = prox×size×(1−cont)×growth×win[0;38;2;135;135;175;49m││ [0;38;2;135;135;95;49mShelter open at Ukiah Fairgrounds.[0;39;49m              [0;7;38;2;135;135;175;49m 0/8 [0;39;49m [0;38;2;135;135;175;49m│[0m
[0;1;38;2;135;175;0;49m[LIST]  Tab switches pane · j/k context-aware[0;38;2;135;135;135;49m  [0;1;38;2;135;175;0;49mj/k[0;38;2;135;135;135;49m move  [0;1;38;2;135;175;0;49m/[0;38;2;135;135;135;49m filter  [0;1;38;2;135;175;0;49m⏎[0;38;2;135;135;135;49m load  [0;1;38;2;135;175;0;49mr[0;38;2;135;135;135;49m refresh  [0;1;38;2;135;175;0;49mL[0;38;2;135;135;135;49m live  [0;1;38;2;135;175;0;49mi[0;38;2;135;135;135;49m imag[0m
